./stress_swap.sh --swappiness="30 50 70" --mem=99% --time=40

======= Beginning test cycle pass for vm.swappiness=30 at Thu 30 Mar 2023 05:09:22 PM UTC:
=> vm.swappiness = 30
               total        used        free      shared  buff/cache   available
Mem:          483604       67360      385656        3084       30588      400932
Swap:        3964924           0     3964924
stress-ng: info:  [28160] dispatching hogs: 1 vm
----procs -----------memory---------- ---swap-- -----io---- -system-- ------cpu----- -----timestamp-----
---- r  b   swpd   free  inact active   si   so    bi    bo   in   cs us sy id wa st                 UTC
  1: 1  0      0 299468 108656  13564   20   35    57    40   52   30  2  1 97  0  0 2023-03-30 17:09:23
  2: 1  0      0 220108 187604  13576   20   35    57    40   52   30  2  1 97  0  0 2023-03-30 17:09:24
  3: 2  0      0 141128 266680  13632   20   35    57    40   52   30  2  1 97  0  0 2023-03-30 17:09:25
  4: 1  0      0  61836 345824  13636   20   35    57    40   52   30  2  1 97  0  0 2023-03-30 17:09:26
  5: 1  0  17260  14544 388764  10248   20   35    57    40   52   30  2  1 97  0  0 2023-03-30 17:09:27
  6: 2  0  17260  13940 388100  10984   20   35    57    40   52   30  2  1 97  0  0 2023-03-30 17:09:28
  7: 1  0  17260  14648 388088  11036   20   35    57    40   52   30  2  1 97  0  0 2023-03-30 17:09:29
  8: 1  0  17260  14028 388032  11052   20   35    57    40   52   30  2  1 97  0  0 2023-03-30 17:09:30
  9: 2  0  17260  14312 388036  11052   20   35    57    40   52   30  2  1 97  0  0 2023-03-30 17:09:31
 10: 2  0  17260  13816 388124  11052   20   35    57    40   52   30  2  1 97  0  0 2023-03-30 17:09:32
 11: 1  0  17260  13596 388008  11056   20   35    57    40   52   30  2  1 97  0  0 2023-03-30 17:09:33
 12: 2  0  17260  13552 388124  11056   20   35    57    40   52   30  2  1 97  0  0 2023-03-30 17:09:34
 13: 1  0  17260  13676 388024  11052   20   35    57    40   52   30  2  1 97  0  0 2023-03-30 17:09:35
 14: 1  0  17260  13376 388056  11172   20   35    57    40   52   30  2  1 97  0  0 2023-03-30 17:09:37
 15: 2  0  55108  14324 360176  21400   20   35    57    40   53   30  2  1 97  0  0 2023-03-30 17:09:38
 16: 2  0  98424  14292 338580  20632   20   35    57    40   53   30  2  1 97  0  0 2023-03-30 17:09:39
 17: 2  0  88036   9664 350696  18080   20   35    57    40   53   30  2  1 97  0  0 2023-03-30 17:09:40
 18: 2  0  95464  15076 342060  17524   20   35    57    40   53   30  2  1 97  0  0 2023-03-30 17:09:41
 19: 3  0  92504  14336 345152  16868   20   35    57    40   53   30  2  1 97  0  0 2023-03-30 17:09:42
 20: 2  0  87468  10716 350548  17480   20   35    57    40   53   30  2  1 97  0  0 2023-03-30 17:09:43
 21: 2  0 135416  15400 299304  22320   20   35    57    40   53   30  2  1 97  0  0 2023-03-30 17:09:44
 22: 1  0 110336  10632 328068  25432   20   35    57    40   53   30  2  1 97  0  0 2023-03-30 17:09:45
 23: 2  0 172608  14428 240184  80840   20   35    57    40   53   30  2  1 97  0  0 2023-03-30 17:09:46
 24: 1  0 228672  15928 153012 136392   20   35    57    40   53   30  2  1 97  0  0 2023-03-30 17:09:48
 25: 1  0 260416  13896 136340 146616   20   35    57    40   53   30  2  1 97  0  0 2023-03-30 17:09:49
 26: 1  0 270144   9480 160864 126812   20   35    57    40   53   30  2  1 97  0  0 2023-03-30 17:09:50
 27: 1  1 296256  10496 169464 117456   20   35    57    40   53   30  2  1 97  0  0 2023-03-30 17:09:51
 28: 1  2 297536   9208 171220 116832   21   35    57    40   53   30  2  1 97  0  0 2023-03-30 17:09:52
 29: 0  1 298560  14628 163756 119812   21   35    57    40   53   30  2  1 97  0  0 2023-03-30 17:09:53
 30: 0  1 305472  11908 169380 117532   21   35    57    40   53   30  2  1 97  0  0 2023-03-30 17:09:54
 31: 1  0 311616  11484 174532 113340   21   35    57    40   53   30  2  1 97  0  0 2023-03-30 17:09:55
 32: 0  1 317760   9288 175148 114260   21   35    57    40   53   30  2  1 97  0  0 2023-03-30 17:09:56
 33: 0  1 329536  12220 166644 120240   21   35    57    40   53   30  2  1 97  0  0 2023-03-30 17:09:57
 34: 0  1 343360  12928 169548 116292   21   35    58    41   53   30  2  1 97  0  0 2023-03-30 17:09:58
 35: 0  1 344384  10984 169820 118260   21   35    58    41   53   30  2  1 97  0  0 2023-03-30 17:10:00
 36: 0  1 348224   9964 181288 108232   21   35    58    41   53   30  2  1 97  0  0 2023-03-30 17:10:01
 37: 0  1 353088  10240 187168 102476   21   35    58    41   53   30  2  1 97  0  0 2023-03-30 17:10:02
 38: 0  1 355904   9856 190784 100032   21   35    58    41   53   30  2  1 97  0  0 2023-03-30 17:10:03
 39: 1  1 363072  15056 186452 100848   21   35    58    41   53   30  2  1 97  0  0 2023-03-30 17:10:04
               total        used        free      shared  buff/cache   available
Mem:          483604      449784       15680           0       18140       19072
Swap:        3964924      363072     3601852
 40: 2  0  60992 348016  53272   9516   21   35    58    41   53   30  2  1 97  0  0 2023-03-30 17:10:05
stress-ng: info:  [28160] successful run completed in 43.17s
 41: 0  0  19776 402252   3120   7600   21   35    58    41   53   30  2  1 97  0  0 2023-03-30 17:10:06
 42: 0  0  19776 402084   2988   7628   21   35    58    41   53   30  2  1 97  0  0 2023-03-30 17:10:07
 43: 0  0  19776 402908   3012   7636   21   35    58    41   53   30  2  1 97  0  0 2023-03-30 17:10:08
 44: 0  0  19776 402188   3008   7636   21   35    58    41   53   30  2  1 97  0  0 2023-03-30 17:10:09
 45: 0  0  19776 402128   3068   7636   21   35    58    41   53   30  2  1 97  0  0 2023-03-30 17:10:10
======= Beginning test cycle pass for vm.swappiness=50 at Thu 30 Mar 2023 05:10:10 PM UTC:
=> vm.swappiness = 50
               total        used        free      shared  buff/cache   available
Mem:          483604       66952      389828        3040       26824      401144
Swap:        3964924           0     3964924
----stress-ng: info:  [28315] dispatching hogs: 1 vm
procs -----------memory---------- ---swap-- -----io---- -system-- ------cpu----- -----timestamp-----
---- r  b   swpd   free  inact active   si   so    bi    bo   in   cs us sy id wa st                 UTC
  1: 2  0      0 306624 105280   9932   21   35    58    41   53   30  2  1 97  0  0 2023-03-30 17:10:12
  2: 1  0      0 228836 183048   9936   21   35    58    41   53   30  2  1 97  0  0 2023-03-30 17:10:13
  3: 1  0      0 151276 260156   9948   21   35    58    41   53   30  2  1 97  0  0 2023-03-30 17:10:14
  4: 1  0      0  73032 338328   9952   21   35    58    41   53   30  2  1 97  0  0 2023-03-30 17:10:15
  5: 1  0  18284  15460 390332   7416   21   35    58    41   53   30  2  1 97  0  0 2023-03-30 17:10:16
  6: 2  0  18284  14896 389460   8348   21   35    58    41   53   30  2  1 97  0  0 2023-03-30 17:10:17
  7: 1  0  18284  14356 389616   8404   21   35    58    41   53   30  2  1 97  0  0 2023-03-30 17:10:18
  8: 2  0  18284  14804 389468   8404   21   35    58    41   53   30  2  1 97  0  0 2023-03-30 17:10:19
  9: 1  0  18284  14748 389528   8404   21   35    58    41   53   30  2  1 97  0  0 2023-03-30 17:10:20
 10: 1  0  18284  14904 389556   8404   21   35    58    41   53   30  2  1 97  0  0 2023-03-30 17:10:21
 11: 1  0  18284  14528 389504   8388   21   35    58    41   53   30  2  1 97  0  0 2023-03-30 17:10:22
 12: 1  0  18284  14796 389536   8396   21   35    58    41   53   30  2  1 97  0  0 2023-03-30 17:10:23
 13: 1  0  18284  14224 389484   8396   21   35    58    41   53   30  2  1 97  0  0 2023-03-30 17:10:24
 14: 1  0  18284  14356 389532   8396   21   35    58    41   53   30  2  1 97  0  0 2023-03-30 17:10:25
 15: 3  0  18284   8684 398756   5140   21   35    58    41   53   30  2  1 97  0  0 2023-03-30 17:10:26
 16: 2  0 107132  14396 271960  82628   21   35    58    41   53   30  2  1 97  0  0 2023-03-30 17:10:27
 17: 2  0 109036  14768 272388  80048   21   35    58    41   53   30  2  1 97  0  0 2023-03-30 17:10:28
 18: 3  0  95028   9520 281428  83212   21   35    58    41   53   30  2  1 97  0  0 2023-03-30 17:10:29
 19: 3  0  93236  10700 283968  80736   21   35    58    41   53   30  2  1 97  0  0 2023-03-30 17:10:30
 20: 3  0  90708   9352 276316  91368   21   35    58    41   54   30  2  1 97  0  0 2023-03-30 17:10:31
 21: 2  0 125276  14816 240128  95884   21   35    58    41   54   30  2  1 97  0  0 2023-03-30 17:10:33
 22: 2  0 150620  15120 223732 107620   21   35    58    41   54   30  2  1 97  0  0 2023-03-30 17:10:34
 23: 2  0 213412  14448 173172 126460   21   35    58    41   54   30  2  1 97  0  0 2023-03-30 17:10:35
 24: 0  1 286148  10924 168776 115800   21   35    58    41   54   30  2  1 97  0  0 2023-03-30 17:10:36
 25: 0  1 286148   9756 174044 113024   21   35    58    41   54   30  2  1 97  0  0 2023-03-30 17:10:37
 26: 1  0 292548   9368 185448 102052   21   35    58    41   54   30  2  1 97  0  0 2023-03-30 17:10:38
 27: 1  0 300484  11136 190032  96016   21   35    58    41   54   30  2  1 97  0  0 2023-03-30 17:10:39
 28: 1  0 307140  10284 195904  90640   21   36    58    41   54   30  2  1 97  0  0 2023-03-30 17:10:40
 29: 2  0 317892  10216 187864  98928   21   36    58    41   54   30  2  1 97  0  0 2023-03-30 17:10:41
 30: 0  2 321732   9484 193412  94424   21   36    58    41   54   30  2  1 97  0  0 2023-03-30 17:10:42
 31: 0  2 326340  16632 179988 100860   21   36    58    41   54   30  2  1 97  0  0 2023-03-30 17:10:43
 32: 0  1 331716  14204 183940  99752   21   36    58    41   54   30  2  1 97  0  0 2023-03-30 17:10:44
 33: 0  1 339140  11156 191448  95032   21   36    58    41   54   30  2  1 97  0  0 2023-03-30 17:10:45
 34: 1  1 342724  10440 196244  90820   21   36    58    41   54   30  2  1 97  0  0 2023-03-30 17:10:46
 35: 0  1 347332  10348 198764  88404   21   36    58    41   54   30  2  1 97  0  0 2023-03-30 17:10:47
 36: 0  1 354764  14416 197976  86092   21   36    58    41   54   30  2  1 97  0  0 2023-03-30 17:10:49
 37: 0  1 356556   9652 202832  86344   21   36    58    41   54   30  2  1 97  0  0 2023-03-30 17:10:50
 38: 1  0 362212  11516 203332  84216   21   36    58    41   54   30  2  1 97  0  0 2023-03-30 17:10:51
 39: 1  0 365556  14524 203312  82580   21   36    58    41   54   30  2  1 97  0  0 2023-03-30 17:10:52
               total        used        free      shared  buff/cache   available
Mem:          483604      452964       13904           0       16736       19424
Swap:        3964924      365556     3599368
 40: 0  1 367868  10276 203296  86572   21   36    58    41   54   30  2  1 97  0  0 2023-03-30 17:10:53
stress-ng: info:  [28315] successful run completed in 43.24s
 41: 0  0  19972 403824   4664   4096   21   36    58    41   54   30  2  1 97  0  0 2023-03-30 17:10:54
 42: 0  0  19972 404004   3924   4732   21   36    58    41   54   30  2  1 97  0  0 2023-03-30 17:10:55
 43: 0  0  19972 404116   3916   4764   21   36    58    41   54   30  2  1 97  0  0 2023-03-30 17:10:56
 44: 1  0  19972 404200   4032   4760   21   36    58    41   54   30  2  1 97  0  0 2023-03-30 17:10:57
 45: 0  0  19972 403780   3988   4784   21   36    58    41   54   30  2  1 97  0  0 2023-03-30 17:10:58
======= Beginning test cycle pass for vm.swappiness=70 at Thu 30 Mar 2023 05:10:58 PM UTC:
=> vm.swappiness = 70
               total        used        free      shared  buff/cache   available
Mem:          483604       66776      390964        3084       25864      401208
Swap:        3964924           0     3964924
----stress-ng: info:  [28470] dispatching hogs: 1 vm
procs -----------memory---------- ---swap-- -----io---- -system-- ------cpu----- -----timestamp-----
---- r  b   swpd   free  inact active   si   so    bi    bo   in   cs us sy id wa st                 UTC
  1: 1  0      0 305344 108652   7572   21   36    58    41   54   30  2  1 97  0  0 2023-03-30 17:10:59
  2: 1  0      0 227724 186304   7620   21   36    58    41   54   30  2  1 97  0  0 2023-03-30 17:11:00
  3: 2  0      0 149664 263512   8036   21   36    58    41   54   30  2  1 97  0  0 2023-03-30 17:11:01
  4: 1  0      0  71584 341728   8036   21   36    58    41   54   30  2  1 97  0  0 2023-03-30 17:11:02
  5: 3  0 125660  14224 282792   8180   21   36    58    41   54   30  2  1 97  0  0 2023-03-30 17:11:04
  6: 1  0 166604  11496 280880   6808   21   36    58    41   54   30  2  1 97  0  0 2023-03-30 17:11:05
  7: 1  0 199308  12444 280664   5448   21   36    58    42   54   30  2  1 97  0  0 2023-03-30 17:11:06
  8: 1  0 226868   9548 284068   5440   21   36    58    42   54   30  2  1 97  0  0 2023-03-30 17:11:07
  9: 1  0 255452   9524 284512   5140   21   36    58    42   54   30  2  1 97  0  0 2023-03-30 17:11:08
 10: 0  2 295360  14924 277584   5772   21   37    58    42   54   30  2  1 97  0  0 2023-03-30 17:11:09
 11: 1  0 295616  11952 281092   5928   21   37    58    42   54   30  2  1 97  0  0 2023-03-30 17:11:10
 12: 1  0 303600  12004 281084   5784   21   37    59    42   54   30  2  1 97  0  0 2023-03-30 17:11:11
 13: 1  2 342228  10128 282756   5760   21   37    59    42   54   30  2  1 97  0  0 2023-03-30 17:11:12
 14: 1  0 342228  10408 282044   6132   22   37    59    42   54   30  2  1 97  0  0 2023-03-30 17:11:13
 15: 0  2 399384  14280 279296   5840   22   37    59    42   54   30  2  1 97  0  0 2023-03-30 17:11:14
 16: 0  1 399384  17484 278256   6460   22   37    59    42   54   30  2  1 97  0  0 2023-03-30 17:11:15
 17: 0  1 399384   8468 287560   6308   22   37    59    42   54   30  2  1 97  0  0 2023-03-30 17:11:16
 18: 0  1 399384  10988 287816   6480   22   37    59    42   54   30  2  1 97  0  0 2023-03-30 17:11:18
 19: 3  0 399384  16068 288832   6188   22   37    59    42   54   30  2  1 97  0  0 2023-03-30 17:11:19
 20: 1  1 399384   9508 295336   6188   22   37    59    42   54   30  2  1 97  0  0 2023-03-30 17:11:20
 21: 0  1 399384  13000 292052   5736   22   37    59    42   54   30  2  1 97  0  0 2023-03-30 17:11:21
 22: 1  0 399384  14760 290508   5916   22   37    59    42   54   30  2  1 97  0  0 2023-03-30 17:11:22
 23: 3  0 399384  15268 289372   5960   22   37    59    42   54   30  2  1 97  0  0 2023-03-30 17:11:23
 24: 2  0 402224   9700 284596   5812   22   37    59    43   54   30  2  1 97  0  0 2023-03-30 17:11:24
 25: 2  0 402224  21212 273000   5784   22   37    59    43   54   30  2  1 97  0  0 2023-03-30 17:11:25
 26: 1  0 402224   9872 284772   5636   22   37    59    43   54   30  2  1 97  0  0 2023-03-30 17:11:26
 27: 1  0 402224  15976 278604   5592   22   38    59    43   54   30  2  1 97  0  0 2023-03-30 17:11:27
 28: 2  0 402224   8560 285884   6024   22   38    59    43   54   30  2  1 97  0  0 2023-03-30 17:11:28
 29: 1  0 402224  10612 283156   6412   22   38    60    43   54   30  2  1 97  0  0 2023-03-30 17:11:30
 30: 2  0 402480  18716 275836   5292   22   38    60    43   54   30  2  1 97  0  0 2023-03-30 17:11:32
 31: 0  1 402480  10960 283240   6404   23   38    60    43   54   30  2  1 97  0  0 2023-03-30 17:11:33
 32: 1  0 402480  12140 281788   6420   23   38    60    43   54   30  2  1 97  0  0 2023-03-30 17:11:34
 33: 1  0 402480  10500 283784   6084   23   38    60    43   54   31  2  1 97  0  0 2023-03-30 17:11:35
 34: 1  1 402992  10304 284732   5520   23   38    60    43   54   31  2  1 97  0  0 2023-03-30 17:11:36
 35: 0  1 404028   9764 285256   6188   23   38    60    43   54   31  2  1 97  0  0 2023-03-30 17:11:37
 36: 1  1 404028  11444 292344   6316   23   38    60    44   54   31  2  1 97  0  0 2023-03-30 17:11:38
 37: 0  1 404028   9436 295668   5996   23   38    60    44   54   31  2  1 97  0  0 2023-03-30 17:11:39
 38: 3  0 404028   9748 293988   5744   23   38    60    44   54   31  2  1 97  0  0 2023-03-30 17:11:40
 39: 1  0 404028  15472 287728   5652   23   38    60    44   54   31  2  1 97  0  0 2023-03-30 17:11:41
               total        used        free      shared  buff/cache   available
Mem:          483604      451392       15472          44       16740       18180
Swap:        3964924      404028     3560896
stress-ng: info:  [28470] successful run completed in 43.12s
 40: 0  0  19516 403748   2508   6612   23   38    60    44   54   31  2  1 97  0  0 2023-03-30 17:11:42
 41: 0  0  19516 404516   2356   6636   23   38    60    44   54   31  2  1 97  0  0 2023-03-30 17:11:43
 42: 0  0  19516 404604   2332   6640   23   38    60    44   54   31  2  1 97  0  0 2023-03-30 17:11:44
 43: 0  0  19516 404688   2436   6640   23   38    60    44   54   31  2  1 97  0  0 2023-03-30 17:11:45
 44: 0  0  19516 404196   2300   6636   23   38    60    44   54   31  2  1 97  0  0 2023-03-30 17:11:46
 45: 0  0  19516 404388   2312   6640   23   38    60    44   54   31  2  1 97  0  0 2023-03-30 17:11:47
