./stress_swap.sh --swappiness="30 50 70" --mem=98% --time=70
======= Beginning new test pass for vm.swappiness=30 at Thu 30 Mar 2023 10:58:47 PM +05:
=> vm.swappiness = 30
Please wait for clearing SWAP by swapoff and swapon commands ...
              total        used        free      shared  buff/cache   available
Mem:        4000964     1932784     1743312      262652      324868     1652696
Swap:       7814484           0     7814484
+ stress-ng --vm-bytes 98% --vm-keep -m 1 --timeout 72.10
stress-ng: info:  [28917] dispatching hogs: 1 vm
----procs -----------memory---------- ---swap-- -----io---- -system-- ------cpu----- -----timestamp-----
---- r  b   swpd   free  inact active   si   so    bi    bo   in   cs us sy id wa st                 +05
  1: 2  0      0 1013580 1129192 957136    3    4    87   338   49   56  9  3 84  4  0 2023-03-30 23:00:44
  2: 2  0      0 305948 1129196 1663088    3    4    87   338   49   56  9  3 84  4  0 2023-03-30 23:00:45
  3: 4  0  95488 125136 1024436 1942968    3    5    87   338   49   56  9  3 84  4  0 2023-03-30 23:00:46
  4: 2  0 136448 145624 984964 1943916    3    5    87   338   49   56  9  3 84  4  0 2023-03-30 23:00:47
  5: 2  1 136448 145636 984392 1944356    3    5    87   338   49   56  9  3 84  4  0 2023-03-30 23:00:48
  6: 2  0 136448 147752 982468 1944380    3    5    87   338   49   56  9  3 84  4  0 2023-03-30 23:00:49
  7: 2  0 139776 159416 978976 1944528    3    5    87   338   49   56  9  3 84  4  0 2023-03-30 23:00:50
  8: 2  0 139776 158772 979012 1944516    3    5    87   338   49   56  9  3 84  4  0 2023-03-30 23:00:51
  9: 2  0 139776 158788 979012 1944520    3    5    87   338   49   56  9  3 84  4  0 2023-03-30 23:00:52
 10: 2  0 139776 158276 979012 1944532    3    5    87   338   49   56  9  3 84  4  0 2023-03-30 23:00:53
 11: 2  0 139776 158284 979012 1944712    3    5    87   338   49   56  9  3 84  4  0 2023-03-30 23:00:54
 12: 3  0 139776 158284 978868 1944704    3    5    87   338   49   56  9  3 84  4  0 2023-03-30 23:00:55
 13: 2  0 139776 158284 978868 1944704    3    5    87   338   49   56  9  3 84  4  0 2023-03-30 23:00:56
 14: 2  0 139776 158032 978868 1944712    3    5    87   338   49   56  9  3 84  4  0 2023-03-30 23:00:57
 15: 2  0 139776 157812 978872 1944832    3    5    87   338   49   56  9  3 84  4  0 2023-03-30 23:00:58
 16: 2  0 139776 157544 978868 1944692    3    5    87   338   49   56  9  3 84  4  0 2023-03-30 23:00:59
 17: 2  0 139776 157560 978868 1944688    3    5    87   338   49   56  9  3 84  4  0 2023-03-30 23:01:00
 18: 2  0 139776 157316 978868 1944716    3    5    87   338   49   56  9  3 84  4  0 2023-03-30 23:01:01
 19: 2  0 139776 157404 978872 1944692    3    5    87   338   49   56  9  3 84  4  0 2023-03-30 23:01:02
 20: 2  0 139776 157404 978868 1944560    3    5    87   338   49   56  9  3 84  4  0 2023-03-30 23:01:03
 21: 4  0 139776 156596 979328 1944696    3    5    87   338   49   56  9  3 84  4  0 2023-03-30 23:01:04
 22: 2  0 139776 156648 979080 1944440    3    5    87   338   49   56  9  3 84  4  0 2023-03-30 23:01:05
 23: 2  0 139776 156472 979076 1944464    3    5    87   338   49   56  9  3 84  4  0 2023-03-30 23:01:06
 24: 2  0 139776 156112 979072 1944496    3    5    87   338   49   56  9  3 84  4  0 2023-03-30 23:01:07
 25: 2  0 139776 156112 979072 1944524    3    5    87   338   49   56  9  3 84  4  0 2023-03-30 23:01:08
 26: 2  0 139776 156364 979076 1944520    3    5    87   338   49   56  9  3 84  4  0 2023-03-30 23:01:09
 27: 2  0 139776 156312 979072 1944500    3    5    87   338   49   56  9  3 84  4  0 2023-03-30 23:01:10
 28: 2  0 139776 156396 979072 1944528    3    5    87   338   49   56  9  3 84  4  0 2023-03-30 23:01:12
 29: 2  0 139776 156144 979072 1944508    3    5    87   338   49   56  9  3 84  4  0 2023-03-30 23:01:13
 30: 2  0 139776 155892 979072 1944520    3    5    87   338   49   56  9  3 84  4  0 2023-03-30 23:01:14
 31: 3  0 139776 156092 979076 1944536    3    5    87   338   49   56  9  3 84  4  0 2023-03-30 23:01:15
 32: 2  0 139776 156344 979072 1944516    3    5    87   338   49   56  9  3 84  4  0 2023-03-30 23:01:16
 33: 2  0 139776 156364 979072 1944508    3    5    87   338   49   56  9  3 84  4  0 2023-03-30 23:01:17
 34: 2  0 139776 156396 979072 1944544    3    5    87   338   49   56  9  3 84  4  0 2023-03-30 23:01:18
 35: 2  0 139776 156396 979076 1944544    3    5    87   338   49   56  9  3 84  4  0 2023-03-30 23:01:19
 36: 2  0 139776 156344 979072 1944524    3    5    87   338   49   56  9  3 84  4  0 2023-03-30 23:01:20
 37: 2  0 139776 156396 979072 1944548    3    5    87   338   49   56  9  3 84  4  0 2023-03-30 23:01:21
 38: 1  1 139776 156088 979076 1944672    3    5    87   338   49   56  9  3 84  4  0 2023-03-30 23:01:22
 39: 2  0 139776 156112 979084 1944372    3    5    87   338   49   56  9  3 84  4  0 2023-03-30 23:01:23
 40: 3  0 139776 155860 979072 1944516    3    5    87   338   49   56  9  3 84  4  0 2023-03-30 23:01:24
 41: 3  0 139776 155860 979076 1944532    3    5    87   338   49   56  9  3 84  4  0 2023-03-30 23:01:25
 42: 2  0 139776 155860 979076 1944544    3    5    87   338   49   56  9  3 84  4  0 2023-03-30 23:01:26
 43: 3  0 139776 155860 979076 1944572    3    5    87   338   49   56  9  3 84  4  0 2023-03-30 23:01:27
 44: 2  0 139776 156048 979076 1944548    3    5    87   338   49   56  9  3 84  4  0 2023-03-30 23:01:28
 45: 2  0 139776 156048 979072 1944544    3    5    87   338   49   56  9  3 84  4  0 2023-03-30 23:01:29
 46: 2  0 139776 156248 979076 1944548    3    5    87   338   49   56  9  3 84  4  0 2023-03-30 23:01:30
 47: 2  0 139776 156300 979084 1944544    3    5    87   338   49   56  9  3 84  4  0 2023-03-30 23:01:31
 48: 3  0 139776 156300 979072 1944588    3    5    87   338   49   56  9  3 84  4  0 2023-03-30 23:01:32
 49: 2  0 139776 156048 979072 1944708    3    5    87   338   49   56  9  3 84  4  0 2023-03-30 23:01:33
 50: 4  0 139776 156300 979080 1944560    3    5    87   338   49   56  9  3 84  4  0 2023-03-30 23:01:34
 51: 4  0 221184  87784 894776 2070812    3    5    87   338   49   56  9  3 84  4  0 2023-03-30 23:01:35
 52: 2  0 427264 121036 609064 2226444    3    5    87   338   49   56  9  3 84  4  0 2023-03-30 23:01:37
 53: 2  0 427264 115380 609064 2226708    3    5    87   338   49   56  9  3 84  4  0 2023-03-30 23:01:38
 54: 2  0 427264 115468 609040 2226764    3    5    87   338   49   56  9  3 84  4  0 2023-03-30 23:01:39
 55: 2  0 427264 115624 609040 2226620    3    5    87   338   49   56  9  3 84  4  0 2023-03-30 23:01:40
 56: 2  0 427264 115572 609044 2226596    3    5    87   338   49   56  9  3 84  4  0 2023-03-30 23:01:41
 57: 2  0 427264 115980 609048 2226620    3    5    87   338   49   56  9  3 84  4  0 2023-03-30 23:01:42
 58: 2  0 427264 115968 609044 2226608    3    5    87   338   49   56  9  3 84  4  0 2023-03-30 23:01:43
 59: 2  0 427264 116068 609048 2226776    3    5    87   338   49   56  9  3 84  4  0 2023-03-30 23:01:44
 60: 3  0 427264 116232 609044 2226776    3    5    87   338   49   56  9  3 84  4  0 2023-03-30 23:01:45
 61: 2  0 427264 115964 609048 2226772    3    5    87   338   49   56  9  3 84  4  0 2023-03-30 23:01:46
 62: 2  0 427264 115964 609040 2226820    3    5    87   338   49   56  9  3 84  4  0 2023-03-30 23:01:47
 63: 2  0 427264 114956 609040 2226816    3    5    87   338   49   56  9  3 84  4  0 2023-03-30 23:01:48
 64: 2  0 427264 114564 609048 2226820    3    5    87   338   49   56  9  3 84  4  0 2023-03-30 23:01:49
 65: 4  0 427264 114808 609048 2226808    3    5    87   338   49   56  9  3 84  4  0 2023-03-30 23:01:50
 66: 2  0 427264 114452 609048 2226832    3    5    87   338   49   56  9  3 84  4  0 2023-03-30 23:01:51
 67: 2  0 427264 114592 609048 2226836    3    5    87   338   49   56  9  3 84  4  0 2023-03-30 23:01:52
 68: 3  0 427264 114508 609048 2226808    3    5    87   338   49   56  9  3 84  4  0 2023-03-30 23:01:53
 69: 3  0 427264 114500 609048 2226808    3    5    87   338   49   56  9  3 84  4  0 2023-03-30 23:01:54
              total        used        free      shared  buff/cache   available
Mem:        4000964     3627688      113728      215720      259548       13984
Swap:       7814484      427264     7387220
 70: 2  0 427264 113980 609072 2226848    3    5    87   338   49   56  9  3 84  4  0 2023-03-30 23:01:55
stress-ng: info:  [28917] successful run completed in 72.10s (1 min, 12.10 secs)
+ set +x
 71: 1  0 427264 2039204 606984 305648    3    5    87   338   49   56  9  3 84  4  0 2023-03-30 23:01:56
 72: 1  0 427264 2039884 606940 305516    3    5    87   338   49   56  9  3 84  4  0 2023-03-30 23:01:57
 73: 1  0 427264 2039816 606944 305544    3    5    87   338   49   56  9  3 84  4  0 2023-03-30 23:01:58
 74: 1  0 427264 2039668 606944 305696    3    5    87   338   49   56  9  3 84  4  0 2023-03-30 23:01:59
 75: 1  0 427264 2039884 606940 305528    3    5    87   338   49   56  9  3 84  4  0 2023-03-30 23:02:00

======= Beginning new test pass for vm.swappiness=50 at Thu 30 Mar 2023 11:02:00 PM +05:
=> vm.swappiness = 50
Please wait for clearing SWAP by swapoff and swapon commands ...
              total        used        free      shared  buff/cache   available
Mem:        4000964     1931296     1758232      258036      311436     1663244
Swap:       7814484           0     7814484
+ stress-ng --vm-bytes 98% --vm-keep -m 1 --timeout 72.10
stress-ng: info:  [30010] dispatching hogs: 1 vm
----procs -----------memory---------- ---swap-- -----io---- -system-- ------cpu----- -----timestamp-----
---- r  b   swpd   free  inact active   si   so    bi    bo   in   cs us sy id wa st                 +05
  1: 2  0      0 1028680 1011840 1059104    3    5    87   338   49   57  9  3 84  4  0 2023-03-30 23:03:38
  2: 2  0      0 325096 1011836 1761600    3    5    87   338   49   57  9  3 84  4  0 2023-03-30 23:03:39
  3: 4  0 107008 120936 897916 2060428    3    5    87   338   49   57  9  3 84  4  0 2023-03-30 23:03:40
  4: 1  0 197888 178384 805568 2062888    3    5    87   338   49   57  9  3 84  4  0 2023-03-30 23:03:41
  5: 2  0 197888 178184 805548 2062680    3    5    87   338   49   57  9  3 84  4  0 2023-03-30 23:03:42
  6: 2  0 197888 178236 805532 2062724    3    5    87   338   49   57  9  3 84  4  0 2023-03-30 23:03:43
  7: 2  0 197888 178236 805536 2062696    3    5    87   338   49   57  9  3 84  4  0 2023-03-30 23:03:44
  8: 2  0 199424 186096 803796 2062764    3    5    87   338   49   57  9  3 84  4  0 2023-03-30 23:03:45
  9: 4  0 199424 185696 803804 2062712    3    5    87   338   49   57  9  3 84  4  0 2023-03-30 23:03:46
 10: 2  0 199424 185080 803792 2062764    3    5    87   338   49   57  9  3 84  4  0 2023-03-30 23:03:47
 11: 2  0 199424 184104 803792 2062760    3    5    87   338   49   57  9  3 84  4  0 2023-03-30 23:03:48
 12: 2  0 199424 183028 804276 2062760    3    5    87   338   49   57  9  3 84  4  0 2023-03-30 23:03:49
 13: 4  0 199424 182988 803792 2062784    3    5    87   338   49   57  9  3 84  4  0 2023-03-30 23:03:50
 14: 3  0 199424 183224 803792 2062728    3    5    87   338   49   57  9  3 84  4  0 2023-03-30 23:03:51
 15: 2  0 199424 174908 810948 2062536    3    5    87   338   49   57  9  3 84  4  0 2023-03-30 23:03:52
 16: 2  0 199424 180340 803844 2062776    3    5    87   338   49   57  9  3 84  4  0 2023-03-30 23:03:53
 17: 2  0 199424 180080 803812 2062760    3    5    87   338   49   57  9  3 84  4  0 2023-03-30 23:03:54
 18: 3  0 199424 179752 803808 2062628    3    5    87   338   49   57  9  3 84  4  0 2023-03-30 23:03:55
 19: 2  0 199424 179500 803808 2062800    3    5    87   338   49   57  9  3 84  4  0 2023-03-30 23:03:56
 20:10  0 199168 159004 812332 2063436    3    5    87   338   49   57  9  3 84  4  0 2023-03-30 23:03:57
 21: 2  1 199424 169864 810232 2063492    3    5    87   338   49   57  9  3 84  4  0 2023-03-30 23:03:58
 22: 3  0 199424 168876 810188 2063772    3    5    87   338   49   57  9  3 84  4  0 2023-03-30 23:03:59
 23: 7  1 199424 168824 810260 2063740    3    5    87   338   49   57  9  3 84  4  0 2023-03-30 23:04:00
 24: 2  0 199424 168644 809748 2063740    3    5    87   338   49   57  9  3 84  4  0 2023-03-30 23:04:01
 25: 2  0 199424 167636 809748 2063752    3    5    87   338   49   57  9  3 84  4  0 2023-03-30 23:04:02
 26: 3  0 199424 167416 809748 2063796    3    5    87   338   49   57  9  3 84  4  0 2023-03-30 23:04:03
 27: 2  0 199424 167296 809748 2063788    3    5    87   338   49   57  9  3 84  4  0 2023-03-30 23:04:04
 28: 2  0 199424 167164 809748 2063768    3    5    87   338   49   57  9  3 84  4  0 2023-03-30 23:04:05
 29: 2  0 199424 167196 809748 2063768    3    5    87   338   49   57  9  3 84  4  0 2023-03-30 23:04:06
 30: 2  0 199424 167196 809744 2063788    3    5    87   338   49   57  9  3 84  4  0 2023-03-30 23:04:07
 31: 1  0 199424 167448 809744 2063776    3    5    87   338   49   57  9  3 84  4  0 2023-03-30 23:04:08
 32: 5  0 199424 167952 809748 2063664    3    5    87   338   49   57  9  3 84  4  0 2023-03-30 23:04:09
 33: 2  0 199424 167700 809744 2063788    3    5    87   338   49   57  9  3 84  4  0 2023-03-30 23:04:10
 34: 4  0 199424 167764 809748 2063816    3    5    87   338   49   57  9  3 84  4  0 2023-03-30 23:04:11
 35: 2  0 199424 167764 809752 2063664    3    5    87   338   49   57  9  3 84  4  0 2023-03-30 23:04:12
 36: 2  0 199424 167756 809756 2063620    3    5    87   338   49   57  9  3 84  4  0 2023-03-30 23:04:13
 37: 2  0 199424 167636 809752 2063804    3    5    87   338   49   57  9  3 84  4  0 2023-03-30 23:04:14
 38: 3  0 199424 167660 809748 2063828    3    5    87   338   49   57  9  3 84  4  0 2023-03-30 23:04:15
 39: 2  0 199424 167764 809748 2063648    3    5    87   338   49   57  9  3 84  4  0 2023-03-30 23:04:16
 40: 2  0 199424 167912 809752 2063780    3    5    87   338   49   57  9  3 84  4  0 2023-03-30 23:04:17
 41: 2  0 199424 167896 809752 2063808    3    5    87   338   49   57  9  3 84  4  0 2023-03-30 23:04:18
 42: 3  0 199424 167748 809752 2063792    3    5    87   338   49   57  9  3 84  4  0 2023-03-30 23:04:19
 43: 2  0 199424 167764 809752 2063816    3    5    87   338   49   57  9  3 84  4  0 2023-03-30 23:04:20
 44: 2  0 199424 167212 809744 2063812    3    5    87   338   49   57  9  3 84  4  0 2023-03-30 23:04:21
 45: 2  0 199424 167376 809744 2063820    3    5    87   338   49   57  9  3 84  4  0 2023-03-30 23:04:22
 46: 2  0 199424 167360 809744 2063824    3    5    87   338   49   57  9  3 84  4  0 2023-03-30 23:04:23
 47: 1  0 199424 167480 809748 2063824    3    5    87   338   49   57  9  3 84  4  0 2023-03-30 23:04:24
 48: 2  0 199424 167480 809744 2063860    3    5    87   338   49   57  9  3 84  4  0 2023-03-30 23:04:25
 49:10  0 199424 165164 809896 2063876    3    5    87   338   49   57  9  3 84  4  0 2023-03-30 23:04:26
 50: 2  0 199424 164424 810232 2063760    3    5    87   338   49   57  9  3 84  4  0 2023-03-30 23:04:27
 51: 2  0 199424 164676 810268 2063856    3    5    87   338   49   57  9  3 84  4  0 2023-03-30 23:04:29
 52: 4  0 419584  84208 582088 2285832    3    5    87   338   49   57  9  3 84  4  0 2023-03-30 23:04:30
 53: 2  0 477440 109032 563972 2244216    3    5    87   338   49   57  9  3 84  4  0 2023-03-30 23:04:31
 54: 3  0 477440 106896 564380 2244060    3    5    87   338   49   57  9  3 84  4  0 2023-03-30 23:04:32
 55: 2  0 477440 107000 564024 2244392    3    5    87   338   49   57  9  3 84  4  0 2023-03-30 23:04:33
 56: 2  0 477440 106444 564236 2244428    3    5    87   338   49   57  9  3 84  4  0 2023-03-30 23:04:34
 57: 2  0 477440 106244 564300 2244436    3    5    87   338   49   57  9  3 84  4  0 2023-03-30 23:04:35
 58: 2  0 477440 105992 564308 2244424    3    5    87   338   49   57  9  3 84  4  0 2023-03-30 23:04:36
 59: 2  0 477440 105448 564312 2244436    3    5    87   338   49   57  9  3 84  4  0 2023-03-30 23:04:37
 60: 2  0 477440 105584 564308 2244404    3    5    87   338   49   57  9  3 84  4  0 2023-03-30 23:04:38
 61: 4  0 477440 105488 564312 2244412    3    5    87   338   49   57  9  3 84  4  0 2023-03-30 23:04:39
 62: 2  0 477440 105228 564308 2244416    3    5    87   338   49   57  9  3 84  4  0 2023-03-30 23:04:40
 63: 2  0 477440 105108 564316 2244448    3    5    87   338   49   57  9  3 84  4  0 2023-03-30 23:04:41
 64: 2  0 477440 104716 564312 2244428    3    5    87   338   49   57  9  3 84  4  0 2023-03-30 23:04:42
 65: 2  0 477440 111504 564308 2244456    3    5    87   338   49   57  9  3 84  4  0 2023-03-30 23:04:43
 66: 3  0 477440 112024 564256 2244420    3    5    87   338   49   57  9  3 84  4  0 2023-03-30 23:04:44
 67: 2  0 477440 112024 564252 2244468    3    5    87   338   49   57  9  3 84  4  0 2023-03-30 23:04:45
 68: 2  0 477440 112224 564248 2244464    3    5    87   338   49   57  9  3 84  4  0 2023-03-30 23:04:46
 69: 2  0 477440 112048 564252 2244284    3    5    87   338   49   57  9  3 84  4  0 2023-03-30 23:04:47
              total        used        free      shared  buff/cache   available
Mem:        4000964     3634240      111812      201436      254912       16896
Swap:       7814484      477440     7337044
 70: 2  0 477440 111804 564280 2244464    3    5    87   338   49   57  9  3 84  4  0 2023-03-30 23:04:48
 71: 2  0 477440 111804 564272 2244452    3    5    87   338   49   57  9  3 84  4  0 2023-03-30 23:04:49
stress-ng: info:  [30010] successful run completed in 72.10s (1 min, 12.10 secs)
+ set +x
 72: 1  0 477440 2047592 562028 310760    3    5    87   338   49   57  9  3 84  4  0 2023-03-30 23:04:50
 73: 1  0 477440 2047704 562028 310744    3    5    87   338   49   57  9  3 84  4  0 2023-03-30 23:04:51
 74: 1  0 477440 2048060 562028 310756    3    5    87   338   49   57  9  3 84  4  0 2023-03-30 23:04:52
 75: 1  0 477440 2047776 562028 310780    3    5    87   338   49   57  9  3 84  4  0 2023-03-30 23:04:53

======= Beginning new test pass for vm.swappiness=70 at Thu 30 Mar 2023 11:04:53 PM +05:
=> vm.swappiness = 70
Please wait for clearing SWAP by swapoff and swapon commands ...
              total        used        free      shared  buff/cache   available
Mem:        4000964     1916320     1764480      263172      320164     1671244
Swap:       7814484           0     7814484
+ stress-ng --vm-bytes 98% --vm-keep -m 1 --timeout 72.10
stress-ng: info:  [31180] dispatching hogs: 1 vm
----procs -----------memory---------- ---swap-- -----io---- -system-- ------cpu----- -----timestamp-----
---- r  b   swpd   free  inact active   si   so    bi    bo   in   cs us sy id wa st                 +05
  1: 2  0      0 1030528 1016428 1070928    3    5    87   338   50   58  9  3 84  4  0 2023-03-30 23:06:26
  2: 2  0      0 322904 1016424 1776860    3    5    87   338   50   58  9  3 84  4  0 2023-03-30 23:06:27
  3: 3  0 134912 131192 877768 2071596    3    5    87   338   50   58  9  3 84  4  0 2023-03-30 23:06:28
  4: 2  0 147456 140328 864524 2072348    3    5    87   338   50   58  9  3 84  4  0 2023-03-30 23:06:29
  5: 2  0 147456 140024 864528 2072536    3    5    87   338   50   58  9  3 84  4  0 2023-03-30 23:06:30
  6: 2  0 147456 140024 864668 2072416    3    5    87   338   50   58  9  3 84  4  0 2023-03-30 23:06:31
  7: 2  0 147456 139772 864676 2072536    3    5    87   338   50   58  9  3 84  4  0 2023-03-30 23:06:32
  8: 2  0 147456 140172 864672 2072400    3    5    87   338   50   58  9  3 84  4  0 2023-03-30 23:06:33
  9: 3  0 147456 140592 864676 2072520    3    5    87   338   50   58  9  3 84  4  0 2023-03-30 23:06:34
 10: 4  0 147456 140140 864684 2072424    3    5    87   338   50   58  9  3 84  4  0 2023-03-30 23:06:35
 11: 2  0 147456 139776 864688 2072400    3    5    87   338   50   58  9  3 84  4  0 2023-03-30 23:06:36
 12: 2  0 147456 139768 864684 2072436    3    5    87   338   50   58  9  3 84  4  0 2023-03-30 23:06:37
 13: 2  0 147456 139768 864680 2072340    3    5    87   338   50   58  9  3 84  4  0 2023-03-30 23:06:38
 14: 2  0 147456 139752 864684 2072440    3    5    87   338   50   58  9  3 84  4  0 2023-03-30 23:06:39
 15: 2  0 147456 140088 864684 2072568    3    5    87   338   50   58  9  3 84  4  0 2023-03-30 23:06:40
 16: 2  0 147456 137280 864684 2072576    3    5    87   338   50   58  9  3 84  4  0 2023-03-30 23:06:41
 17: 2  0 147456 136808 864684 2072572    3    5    87   338   50   58  9  3 84  4  0 2023-03-30 23:06:42
 18: 3  0 147456 136808 864680 2072608    3    5    87   338   50   58  9  3 84  4  0 2023-03-30 23:06:43
 19: 2  0 147456 136540 864680 2072732    3    5    87   338   50   58  9  3 84  4  0 2023-03-30 23:06:44
 20: 2  0 147456 136288 864688 2072592    3    5    87   338   50   58  9  3 84  4  0 2023-03-30 23:06:45
 21: 2  0 147456 136272 864684 2072588    3    5    87   338   50   58  9  3 84  4  0 2023-03-30 23:06:46
 22: 2  0 147456 136288 864684 2072616    3    5    87   338   50   58  9  3 84  4  0 2023-03-30 23:06:47
 23: 2  0 147456 136288 864692 2072600    3    5    87   338   50   58  9  3 84  4  0 2023-03-30 23:06:48
 24: 2  0 147456 136152 864684 2072608    3    5    87   338   50   58  9  3 84  4  0 2023-03-30 23:06:49
 25: 3  0 147456 136224 864684 2072628    3    5    87   338   50   58  9  3 84  4  0 2023-03-30 23:06:50
 26: 2  0 147456 135720 865140 2072632    3    5    87   338   50   58  9  3 84  4  0 2023-03-30 23:06:51
 27: 3  0 147456 135452 865200 2072632    3    5    87   338   50   58  9  3 84  4  0 2023-03-30 23:06:52
 28: 2  0 147456 136120 864684 2072636    3    5    87   338   50   58  9  3 84  4  0 2023-03-30 23:06:53
 29: 2  0 147456 136204 864684 2072620    3    5    87   338   50   58  9  3 84  4  0 2023-03-30 23:06:54
 30: 2  0 147456 136064 864684 2072624    3    5    87   338   50   58  9  3 84  4  0 2023-03-30 23:06:56
 31: 2  0 147456 136316 864684 2072476    3    5    87   338   50   58  9  3 84  4  0 2023-03-30 23:06:57
 32: 2  0 147456 136048 864692 2072648    3    5    87   338   50   58  9  3 84  4  0 2023-03-30 23:06:58
 33: 2  0 147456 136064 864688 2072628    3    5    87   338   50   58  9  3 84  4  0 2023-03-30 23:06:59
 34: 2  1 147456 136416 864688 2072480    3    5    87   338   50   58  9  3 84  4  0 2023-03-30 23:07:00
 35: 2  0 147456 136184 864692 2072604    3    5    87   338   50   58  9  3 84  4  0 2023-03-30 23:07:01
 36: 3  0 147456 136192 864688 2072664    3    5    87   338   50   58  9  3 84  4  0 2023-03-30 23:07:02
 37: 3  0 147456 136444 864688 2072644    3    5    87   338   50   58  9  3 84  4  0 2023-03-30 23:07:03
 38: 2  0 147456 136592 864692 2072648    3    5    87   338   50   58  9  3 84  4  0 2023-03-30 23:07:04
 39: 3  0 147456 136696 864688 2072524    3    5    87   338   50   58  9  3 84  4  0 2023-03-30 23:07:05
 40: 2  0 147456 136728 864692 2072672    3    5    87   338   50   58  9  3 84  4  0 2023-03-30 23:07:06
 41: 2  0 147456 136712 864688 2072660    3    5    87   338   50   58  9  3 84  4  0 2023-03-30 23:07:07
 42: 2  0 147456 133956 864728 2072676    3    5    87   338   50   58  9  3 84  4  0 2023-03-30 23:07:08
 43: 3  0 147456 133436 864732 2072660    3    5    87   338   50   58  9  3 84  4  0 2023-03-30 23:07:09
 44: 2  0 147456 128404 864972 2072760    3    5    87   338   50   58  9  3 84  4  0 2023-03-30 23:07:10
 45: 2  0 147456 128152 865120 2072600    3    5    87   338   50   58  9  3 84  4  0 2023-03-30 23:07:11
 46: 2  0 147456 127536 865124 2072756    3    5    87   338   50   58  9  3 84  4  0 2023-03-30 23:07:12
 47: 2  0 147456 127656 865124 2072776    3    5    87   338   50   58  9  3 84  4  0 2023-03-30 23:07:13
 48: 2  0 147456 127908 865124 2072756    3    5    87   338   50   58  9  3 84  4  0 2023-03-30 23:07:14
 49: 2  0 147456 127892 865124 2072692    3    5    87   338   50   58  9  3 84  4  0 2023-03-30 23:07:15
 50: 2  0 147456 127632 865120 2072768    3    5    87   338   50   58  9  3 84  4  0 2023-03-30 23:07:16
 51: 2  0 147456 127656 865128 2072792    3    5    87   338   50   58  9  3 84  4  0 2023-03-30 23:07:17
 52: 3  0 394496  90260 579016 2306760    3    5    87   338   50   58  9  3 84  4  0 2023-03-30 23:07:18
 53: 2  0 525312 146440 557060 2214404    3    5    87   338   50   58  9  3 84  4  0 2023-03-30 23:07:19
 54: 2  1 525312 143656 556812 2214712    3    5    87   338   50   58  9  3 84  4  0 2023-03-30 23:07:20
 55: 2  0 525312 143460 556784 2214756    3    5    87   338   50   58  9  3 84  4  0 2023-03-30 23:07:21
 56: 2  0 525312 142704 557420 2214756    3    5    87   338   50   58  9  3 84  4  0 2023-03-30 23:07:22
 57: 3  0 525312 143288 557388 2214324    3    5    87   338   50   58  9  3 84  4  0 2023-03-30 23:07:23
 58: 2  0 525312 143200 557388 2214420    3    5    87   338   50   58  9  3 84  4  0 2023-03-30 23:07:24
 59: 4  0 525312 143184 557392 2214428    3    5    87   338   50   58  9  3 84  4  0 2023-03-30 23:07:25
 60: 5  0 525312 142780 557396 2214452    3    5    87   338   50   58  9  3 84  4  0 2023-03-30 23:07:26
 61: 2  0 525312 143032 557392 2214432    3    5    87   338   50   58  9  3 84  4  0 2023-03-30 23:07:27
 62: 4  0 525312 143180 557396 2214284    3    5    87   338   50   58  9  3 84  4  0 2023-03-30 23:07:28
 63: 3  0 525312 143536 557400 2214408    3    5    87   338   50   58  9  3 84  4  0 2023-03-30 23:07:29
 64: 2  0 528640 148968 556268 2211984    3    5    87   338   50   58  9  3 84  4  0 2023-03-30 23:07:30
 65: 2  0 528640 147440 556272 2211972    3    5    87   338   50   58  9  3 84  4  0 2023-03-30 23:07:31
 66: 2  0 528640 146952 556272 2212188    3    5    87   338   50   58  9  3 84  4  0 2023-03-30 23:07:32
 67: 5  0 528640 146448 556292 2212040    3    5    87   338   50   58  9  3 84  4  0 2023-03-30 23:07:33
 68: 3  0 528640 146448 556296 2212172    3    5    87   338   50   58  9  3 84  4  0 2023-03-30 23:07:34
 69: 2  0 528640 145684 556572 2212192    3    5    87   338   50   58  9  3 84  4  0 2023-03-30 23:07:35
              total        used        free      shared  buff/cache   available
Mem:        4000964     3602224      145432      201076      253308       49892
Swap:       7814484      528640     7285844
 70: 2  0 528640 144652 556340 2212196    3    5    87   338   50   58  9  3 84  4  0 2023-03-30 23:07:36
 71: 2  0 528640 144400 556324 2212028    3    5    87   338   50   58  9  3 84  4  0 2023-03-30 23:07:37
stress-ng: info:  [31180] successful run completed in 72.10s (1 min, 12.10 secs)
+ set +x
 72: 1  0 528640 2093672 554136 266788    3    5    87   338   50   58  9  3 84  4  0 2023-03-30 23:07:38
 73: 1  0 528640 2093420 554436 266628    3    5    87   338   50   58  9  3 84  4  0 2023-03-30 23:07:39
 74: 1  0 528640 2092908 554168 266600    3    5    87   338   50   58  9  3 84  4  0 2023-03-30 23:07:40
 75: 1  0 528640 2092996 554140 266640    3    5    87   338   50   58  9  3 84  4  0 2023-03-30 23:07:41
